13
140
291
502
754
860
1089
1378
1503
1728
2001
2125
2477
2618
3023
3138
3584
3768
4077
4187
4666
5087
5208
5330
5689
5827
6173
6303
6575
6763
6913
7122
7319
7463
7779
7940
8044
8213
8540
8765
9010
9149
9451
9631
9760
9934
10107
10256
10398
10636
10740
10874
11129
11253
11420
11545
11864
12088
12418
12625
12738
12973
13239
13384
13488
13732
13913
14060
14382
14511
14614
14990
15093
15497
15606
15995
16099
16203
16491
16674
16777
17114
17682
17787
18009
18333
18436
18686
18829
18935
19183
19407
19611
19851
19974
20180
20459
20601
20878
21023
21179
21488
21648
21929
22033
22463
22587
22804
22908
23030
23139
23633
23812
24014
24287
24630
24746
24938
25126
25317
25621
25823
25928
26096
26220
26347
26471
26596
26866
27058
27379
27581
27893
28240
28345
28708
