159
1052
1314
1499
1602
1714
1847
2129
2421
2662
2969
3229
3539
3995
4246
4366
4653
4893
5187
5614
5839
5945
6138
6668
6878
7119
7231
7454
7677
7973
8242
8361
8483
8680
8783
8972
9318
9534
9637
9796
9918
10191
10490
10757
11071
11237
11342
11578
12163
12459
12596
12728
13129
13461
13808
14012
14397
14671
14934
15423
15631
15765
15989
16323
16596
16789
16905
17045
17442
17732
17905
18263
18537
18833
19634
19887
20098
20447
20736
20869
21011
21199
21515
21753
22049
22339
22508
22879
23125
23407
23609
24032
24301
24437
24556
24855
25004
25374
25709
25960
26160
26277
26546
26806
27083
27311
