1413
1663
1926
2205
2442
2625
2734
2996
3286
3461
3567
3823
4042
4387
4962
5130
5230
5478
5786
5965
6073
6238
6349
6614
6764
6868
7040
7174
7398
7577
7713
7874
8209
8443
8739
9038
9147
9277
9448
9574
9846
10135
10425
10547
10685
10925
11264
11416
11537
11683
12087
12347
12527
12765
12898
13081
13454
13566
13727
13934
14111
14212
14369
14484
14772
14950
15181
15336
15449
15893
16162
16418
16561
16688
16852
16975
17114
17215
17399
17798
18030
18183
18315
18546
18851
18996
19117
19283
19660
19874
20148
20415
20661
20926
21186
21449
21623
21731
21997
22135
22255
22674
22793
23035
23293
23597
23723
23875
24110
24266
24403
24660
24807
24944
25139
25423
25634
25765
25971
26169
26434
26600
26943
27148
27412
27535
27866
