329,338
765,801
1226,1264
1686,1697
2128,2177
2587,2636
3037,3086
3483,3532
3924,3973
4393,4413
4840,4889
5277,5319
5701,5727
6120,6131
6563,6539
6991,7033
7449,7497
7889,7935
8349,8398
8789,8810
9260,9266
9701,9737
10100,10149
10575,10624
10692,10741
11017,11013
11454,11501
11903,11947
12376,12425
12480,12436
12827,12873
13266,13294
13704,13748
14154,14188
14586,14589
15047,15035
15495,15523
15885,15934
16286,16335
16729,16728
17172,17198
17623,17639
18071,18077
18179,18227
18511,18543
18971,19011
19410,19433
19854,19816
20315,20352
20747,20764
21185,21211
21610,21659
22022,22037
22464,22513
22924,22946
23367,23416
23817,23813
24274,24287
24724,24733
25186,25235
25622,25651
26085,26124
26550,26577
26979,26986
27431,27480
27880,27865
