203,215
1285,1306
1660,1657
1964,1985
2281,2309
2655,2699
3408,3404
3837,3861
4220,4228
4609,4600
5026,5022
5459,5466
5892,5880
6301,6310
6734,6783
7137,7154
7559,7559
7977,8004
8393,8370
8800,8810
9225,9231
9648,9664
10072,10075
10488,10515
10875,10894
11295,11322
11742,11746
12159,12208
12599,12609
13013,13023
13445,13451
13862,13885
14291,14334
14696,14716
15116,15148
15563,15555
15977,15979
16387,16371
16768,16788
17173,17202
17595,17595
18009,18008
18403,18429
18823,18853
19257,19264
19678,19685
20101,20125
20524,20561
20929,20951
21353,21376
21792,21805
22199,22225
22609,22634
22989,23017
23401,23408
23801,23821
24193,24189
24556,24564
24950,24989
25309,25350
25668,25707
26031,26031
26431,26426
26839,26871
27213,27244
27646,27652
