355,339
367,339
751,739
1136,1123
2668,2660
3063,3021
3388,3378
3767,3764
4194,4168
5341,5334
6491,6493
6885,6884
6985,6935
7669,7637
8039,8035
9608,9616
10024,10026
10450,10446
10859,10845
11324,11286
12565,12550
12949,12943
13376,13366
13752,13753
14144,14173
15709,15710
16117,16096
16512,16500
16923,16912
17347,17330
17761,17754
18191,18150
18611,18607
19027,19008
19467,19445
19907,19879
20765,20758
21171,21160
22006,21977
22389,22371
23161,23160
24352,24316
24731,24724
25096,25112
26318,26292
26726,26733
27099,27083
27531,27500
27960,27910
