181,183
605,628
1029,1036
1415,1424
1778,1812
2200,2199
2618,2616
3007,3021
3441,3454
3883,3876
4292,4282
4704,4734
5118,5128
5541,5543
5954,6003
6375,6410
6825,6807
7201,7198
7614,7637
8041,8052
8481,8487
8883,8900
9311,9317
9714,9721
10539,10586
10963,10989
11085,11085
11364,11354
12147,12181
12539,12553
12919,12935
13683,13717
14074,14072
14467,14465
14882,14890
15273,15284
15683,15697
16104,16110
16522,16539
16981,16985
17393,17392
17817,17827
18246,18246
18677,18672
19079,19096
19489,19473
19892,19883
20318,20320
20730,20745
21149,21162
21566,21576
21969,21958
22348,22345
22729,22756
23124,23134
23517,23527
23926,23923
24313,24313
24708,24714
25089,25094
25506,25505
25928,25935
26377,26375
26802,26802
27232,27248
27665,27669
28101,28101
