413,417
909,909
1873,1907
2382,2380
2868,2885
3359,3358
3844,3841
4314,4315
4807,4838
5286,5284
5737,5765
6212,6218
6662,6672
7124,7150
7599,7614
8083,8090
8570,8593
9063,9059
9547,9555
10044,10043
10997,11007
11511,11517
12005,12002
12456,12474
12886,12896
13317,13323
13742,13746
14165,14163
14579,14592
14999,15005
15413,15434
15871,15871
16356,16384
16833,16842
17305,17319
17793,17790
18266,18285
18735,18752
19200,19205
19607,19621
20022,20038
20443,20444
20869,20879
21290,21294
21713,21716
22123,22130
22564,22567
23027,23041
23481,23479
23975,23981
24439,24448
24911,24903
25380,25386
25821,25829
26272,26286
26733,26739
27221,27228
27707,27726
28204,28208
28675,28684
29184,29191
29695,29704
30189,30187
