515,526
1137,1162
1661,1679
2195,2222
2772,2774
3324,3319
3884,3892
4436,4430
4994,4987
5490,5476
6016,6016
6525,6551
7031,7036
7546,7549
8023,8033
8528,8537
9045,9049
9574,9577
10117,10129
10663,10666
11315,11331
11867,11865
12395,12410
12928,12924
13463,13474
13994,14009
14503,14520
14954,14970
15430,15443
15875,15876
16359,16366
17256,17261
17727,17734
18241,18246
18769,18788
19289,19326
19811,19825
20331,20338
20826,20849
21320,21334
21830,21827
22358,22395
22870,22852
23396,23407
23923,23921
24416,24422
24947,24990
25432,25442
25945,25956
26446,26458
26966,26950
27444,27448
27930,27940
28433,28451
28942,28947
29454,29459
29967,29981
30500,30518
