226,237
757,777
1262,1270
1766,1786
2258,2302
2740,2753
3221,3251
3708,3708
4214,4231
4717,4716
5224,5225
5692,5669
6207,6223
6692,6715
7183,7213
7679,7681
8173,8173
8677,8671
9162,9178
9614,9604
10078,10097
10593,10590
11071,11084
11571,11568
12034,12037
12534,12533
13010,13027
13489,13511
13955,13987
14443,14492
14929,14976
15423,15439
15871,15874
16358,16365
16830,16848
17320,17344
17821,17839
18300,18315
18787,18795
19251,19300
19735,19729
20225,20238
20689,20699
21186,21206
21679,21675
22101,22108
22615,22664
23097,23117
23576,23586
24070,24093
24575,24587
25071,25076
25566,25563
26062,26079
26561,26565
27064,27076
27576,27571
28034,28055
28514,28520
29008,29025
29503,29522
30023,30051
30515,30530
31006,31037
