784,809
1169,1165
1281,1273
1569,1595
1943,1966
3391,3388
3748,3737
4063,4072
4451,4440
4866,4865
5280,5291
5717,5703
6152,6149
6583,6575
7030,7030
7443,7455
7866,7851
8297,8304
8724,8737
9132,9129
9579,9569
9696,9697
10251,10237
11713,11728
12124,12130
12547,12543
12989,12996
13421,13428
13882,13882
14319,14327
14750,14762
15177,15174
15608,15602
16019,16031
16431,16442
16818,16817
17248,17250
17685,17676
18123,18120
18562,18525
18981,18985
19413,19405
19844,19833
20261,20241
20689,20702
21118,21136
21541,21513
21969,21947
22084,22105
22391,22378
22507,22526
22835,22827
23687,23662
