83,111
90,111
455,470
859,877
1257,1265
1648,1654
2059,2060
2463,2472
3306,3312
3732,3736
4109,4129
4529,4528
4966,4962
5366,5370
5773,5783
6201,6194
6624,6623
7074,7080
7501,7501
7938,7950
8375,8371
8796,8779
9204,9220
9658,9641
10023,10037
10464,10464
10886,10893
11306,11312
11725,11719
12161,12151
12569,12579
12967,12960
13422,13412
13845,13840
14270,14260
14703,14688
15119,15115
15547,15544
15956,15949
16372,16351
16735,16730
17141,17146
17558,17558
17947,17923
18361,18360
18753,18762
19148,19153
19541,19549
19929,19933
20317,20318
20705,20703
21520,21519
22341,22344
22751,22754
23121,23130
23521,23535
23919,23923
24320,24340
24715,24733
25106,25107
25481,25489
25875,25881
26296,26283
26721,26727
27141,27153
28000,28001
28438,28432
28854,28859
29291,29285
29681,29675
30103,30114
