566,595
2255,2257
2593,2576
2958,2972
3068,3018
3355,3390
3496,3509
3693,3674
5629,5633
6009,5987
6747,6795
7095,7093
7442,7442
7771,7768
8491,8467
8870,8876
9603,9585
10697,10706
11098,11099
11505,11537
12881,12878
13282,13276
13700,13682
14102,14089
15228,15251
15927,15888
16270,16274
16596,16621
16923,16949
17298,17267
17637,17640
17959,17973
18342,18343
18689,18686
19034,19029
19365,19361
19734,19725
20124,20140
20467,20484
20843,20844
21232,21214
21604,21619
21979,21985
22358,22368
22726,22722
23071,23083
23445,23442
23826,23839
24236,24230
24623,24615
26419,26440
26784,26790
27121,27120
27496,27491
27870,27862
28212,28228
