449,489
993,1042
1557,1606
2105,2153
2222,2172
2629,2647
2745,2703
3200,3249
3319,3273
3745,3777
3868,3898
4307,4310
4421,4412
4877,4915
5408,5447
5976,6008
6531,6575
7060,7102
7581,7618
8135,8152
8621,8670
9157,9187
9715,9753
10229,10267
10794,10843
11351,11360
11873,11892
12379,12393
12905,12915
13421,13421
13901,13950
14413,14413
14555,14546
14979,15028
15101,15058
15523,15556
16047,16096
16171,16220
16587,16630
16699,16655
17144,17176
17690,17716
18256,18292
18374,18415
18840,18869
19378,19427
19892,19905
20428,20453
20536,20565
20990,21018
21512,21509
21632,21619
22055,22104
22168,22119
22641,22660
22775,22725
23164,23198
23742,23747
24292,24327
24828,24877
25359,25376
25887,25936
26421,26462
26932,26952
27476,27516
28024,28036
28496,28512
29030,29064
29588,29629
30113,30139
