266,291
272,291
766,775
1279,1297
1716,1744
2189,2207
2660,2681
3082,3083
3253,3203
3505,3514
3942,3953
4367,4387
4816,4836
5305,5309
5820,5817
6254,6256
6698,6709
7178,7202
7663,7673
8134,8151
8614,8642
9086,9127
9598,9634
10161,10174
10725,10755
11272,11289
11811,11821
12374,12382
12911,12912
13415,13431
13967,13993
14562,14566
15115,15130
15695,15730
16246,16277
16835,16856
17407,17441
17986,18008
18530,18538
19088,19112
19607,19625
20180,20189
20772,20781
21331,21350
21482,21455
21884,21868
22437,22469
22991,23001
23541,23557
24096,24115
24610,24614
25136,25148
25677,25687
26139,26156
26711,26733
27289,27288
27830,27861
28430,28447
28994,29032
29561,29582
