-1
261
331
482
607
694
857
1001
1660
1809
2088
2250
2573
2789
3178
3366
3450
3895
4165
4711
4850
5106
5301
5913
6066
6481
6718
6813
7162
7422
7590
7923
8839
9127
9203
-1
9453
-1
9880
10048
10303
10568
10842
11116
11203
11821
12094
12310
12672
13019
13164
-1
13427
13692
14055
14202
14542
14900
15278
15483
15859
-1
16206
16655
16951
17297
17599
17867
18110
18486
18870
18929
19184
19567
19740
20050
20373
20620
21046
21347
21468
21967
22242
22461
22844
23185
23527
23699
24109
24276
24486
24651
25184
25263
25340
25570
25808
26106
26647
26730
26968
27363
