-1
170
365
-1
583
747
853
992
1303
1749
1881
2283
2412
2788
3061
3392
3691
4001
4340
4497
4774
5301
5436
5707
5994
-1
6268
6565
6939
7070
7359
7650
7913
8109
8399
8564
8849
9356
9479
9586
9735
10017
10194
10599
10880
11129
11593
11694
11779
11967
12407
12583
12758
12982
13116
13341
13776
13985
14456
14699
14987
15209
15638
15773
16007
16099
16294
16621
16789
17290
17548
17721
17911
18282
-1
18574
18665
18948
19444
19578
19817
20058
20251
20620
20828
21105
21517
21665
22043
-1
22226
22566
22714
-1
22927
23239
23437
23769
23987
24325
24624
24852
25065
25355
25941
26134
26360
-1
26630
26789
27058
