283
397
748
806
1219
1317
1449
2167
2315
2665
2765
2822
3195
3628
4144
4233
4615
5084
5496
5573
5986
6447
6502
6919
6971
7094
7438
7996
8379
8470
8906
8980
9373
9812
9971
10280
10435
10738
11184
11587
11999
12115
12469
12922
13030
13144
13478
13534
13901
14331
14444
14801
14895
14989
15754
15850
16217
16711
16799
17175
17232
17435
17697
18182
19037
19488
19543
19974
20069
20452
20543
20949
21462
21860
21953
22373
22789
22841
23267
23728
23823
24286
24649
25539
25638
25734
26096
26187
26928
27455
27848
27904
28029
28379
28595
28891
