100,101
358,360
599,597
856,854
1105,1106
1366,1366
1619,1621
1907,1923
2191,2236
2476,2472
2772,2770
3050,3053
3330,3330
3608,3610
3860,3861
4125,4130
4369,4371
4612,4617
4851,4852
5091,5090
5327,5326
5568,5568
5798,5802
6031,6035
6269,6273
6516,6515
6750,6749
6988,6986
7239,7241
7489,7493
7769,7770
8038,8041
8300,8299
8552,8551
8810,8816
9052,9054
9313,9315
9552,9554
9803,9810
10039,10042
10295,10296
10528,10530
10776,10776
11028,11032
11267,11268
11511,11512
11758,11762
12023,12027
12275,12277
12541,12540
12795,12800
13056,13061
13312,13324
13588,13592
13851,13854
14092,14088
14340,14346
14605,14608
14852,14852
15111,15112
15373,15381
15655,15656
15914,15913
