309,306
603,593
889,880
1181,1178
1491,1476
1808,1802
2111,2094
2424,2411
2740,2733
3049,3041
3356,3346
3685,3681
4006,3995
4319,4310
4644,4638
4955,4948
5290,5284
5631,5624
5965,5952
6263,6252
6572,6570
6893,6891
7211,7202
7517,7510
7836,7829
8172,8160
8477,8470
8806,8804
9133,9113
9445,9439
9762,9756
10100,10088
10422,10413
10738,10739
10839,10825
11067,11060
11385,11373
11697,11698
11991,11981
12295,12292
12613,12606
12920,12910
13231,13225
13567,13558
13910,13900
14234,14229
14573,14571
14908,14902
15233,15231
15560,15549
15870,15866
16171,16170
16487,16483
16816,16816
17129,17124
