177,229,332,490
490,541,629,800
800,852,937,1079
1079,1132,1223,1383
1383,1434,1525,1688
1688,1737,1828,1980
1980,2033,2124,2286
2286,2338,2431,2589
2589,2638,2733,2887
2887,2933,3020,3182
3182,3233,3319,3479
3479,3530,3626,3767
3767,3815,3919,4080
4080,4127,4211,4371
4371,4423,4510,4651
4651,4705,4799,4951
4951,4999,5094,5260
5260,5309,5375,5529
5529,5582,5678,5828
5828,5869,5965,6118
6118,6180,6258,6418
6418,6469,6566,6706
6706,6756,6858,7020
7020,7063,7155,7311
7311,7361,7454,7602
7901,7962,8054,8217
8217,8258,8288,8506
8506,8558,8652,8803
8803,8854,8943,9118
9426,9475,9582,9730
9730,9779,9875,10029
10029,10095,10178,10345
10345,10396,10488,10649
10649,10705,10800,10944
10944,10988,11078,11219
11219,11277,11354,11476
11476,11528,11627,11731
11731,11797,11860,11982
11982,12036,12130,12301
12301,12356,12440,12585
12585,12640,12730,12874
12874,12930,13022,13186
13186,13238,13336,13502
13502,13548,13638,13793
13793,13845,13932,14064
14064,14107,14212,14366
14366,14414,14510,14647
14647,14700,14789,14930
14930,14982,15081,15224
15224,15274,15368,15499
15499,15557,15642,15786
