451,502,602,744
744,801,894,1043
1043,1094,1181,1338
1338,1392,1486,1630
1630,1685,1778,1928
1928,1975,2073,2224
2224,2275,2364,2518
2518,2571,2665,2822
2822,2875,2978,3122
3122,3169,3265,3420
3420,3471,3559,3722
3722,3774,3856,4008
4008,4059,4158,4301
4301,4353,4454,4597
4597,4651,4746,4880
4880,4933,5027,5157
5157,5209,5308,5439
5439,5481,5576,5727
5727,5783,5863,6010
6010,6064,6153,6303
6303,6355,6451,6602
6602,6655,6750,6889
6889,6944,7032,7182
7182,7242,7326,7476
7476,7529,7623,7771
7771,7824,7919,8062
8062,8116,8214,8372
8372,8425,8522,8668
8668,8721,8821,8958
8958,9012,9108,9247
9247,9302,9400,9547
9547,9590,9687,9832
9832,9886,9984,10120
10120,10174,10272,10416
10416,10469,10566,10715
10715,10767,10860,11019
11019,11074,11160,11321
11321,11377,11471,11631
11631,11684,11784,11934
11934,11978,12077,12233
12233,12284,12376,12524
12524,12591,12675,12828
12828,12882,12977,13130
13130,13176,13274,13431
13431,13481,13570,13730
13730,13783,13878,14033
14033,14085,14178,14318
