202,257,388,398
398,452,562,600
600,647,748,790
790,840,920,978
978,1030,1095,1176
1176,1220,1294,1360
1360,1412,1490,1552
1552,1601,1671,1741
1741,1788,1868,1922
2312,2366,2454,2504
2504,2554,2627,2702
3082,3132,3205,3272
3272,3318,3404,3456
3456,3507,3596,3660
3660,3708,3817,3858
3858,3908,3993,4044
4044,4092,4178,4236
4236,4286,4356,4420
4420,4468,4548,4618
4618,4663,4733,4802
4802,4851,4919,4990
4990,5034,5171,5174
5174,5228,5302,5372
5372,5422,5499,5558
5558,5610,5698,5757
5757,5808,5870,5943
5943,5989,6076,6140
6140,6190,6261,6331
6331,6379,6458,6527
6527,6569,6640,6710
6710,6764,6837,6912
6912,6964,7062,7104
7104,7160,7241,7307
7307,7353,7424,7488
7488,7534,7626,7683
7683,7734,7802,7874
7874,7921,7994,8064
8064,8108,8186,8250
8250,8311,8421,8452
8452,8501,8598,8644
8644,8695,8770,8844
8844,8890,8954,9029
9029,9078,9158,9236
9236,9282,9358,9428
9428,9486,9565,9628
9628,9675,9784,9824
9824,9873,9970,10022
10022,10074,10146,10215
10215,10262,10351,10409
10409,10461,10536,10612
10612,10657,10741,10803
10803,10858,10932,11007
11007,11055,11159,11201
11201,11260,11329,11399
11399,11446,11531,11598
11598,11652,11717,11792
11792,11844,11912,11983
11983,12032,12104,12161
12161,12232,12335,12372
12372,12422,12524,12577
12577,12627,12710,12773
12773,12819,12889,12964
12964,13022,13095,13175
13175,13209,13296,13356
13356,13416,13481,13551
13551,13599,13718,13748
13748,13797,13890,13937
13937,13988,14059,14120
14120,14168,14264,14309
14309,14358,14443,14508
14508,14553,14656,14702
14702,14750,14812,14900
14900,14947,15044,15088
15088,15130,15210,15265
15265,15331,15408,15474
15474,15524,15630,15674
15674,15723,15801,15865
15865,15917,15972,16068
16068,16125,16200,16277
16277,16314,16398,16459
16459,16513,16603,16656
16656,16705,16822,16858
